<?xml version="1.0"?>
<opencv_storage>
<Contours>
  <_ type_id="opencv-matrix">
    <rows>32</rows>
    <cols>1</cols>
    <dt>"2d"</dt>
    <data>
      4.8494964599609375e+01 -1.2567687988281250e+01
      4.1780914306640625e+01 -1.5445129394531250e+01
      3.6107208251953125e+01 -1.2526870727539063e+01
      2.8803070068359375e+01 -1.2438873291015625e+01
      2.1498962402343750e+01 -1.2350875854492188e+01
      1.4194824218750000e+01 -1.2262863159179688e+01
      6.8906860351562500e+00 -1.2174865722656250e+01
      -4.1345214843750000e-01 -1.2086868286132813e+01
      -7.7175598144531250e+00 -1.1998855590820313e+01
      -1.5021697998046875e+01 -1.1910858154296875e+01
      -2.2325836181640625e+01 -1.1822860717773438e+01
      -2.9629974365234375e+01 -1.1734863281250000e+01
      -3.6934112548828125e+01 -1.1646850585937500e+01
      -4.4101715087890625e+01 -1.1141494750976563e+01
      -5.0045745849609375e+01 -6.8957519531250000e+00
      -4.9840454101562500e+01 -2.4166870117187500e-01
      -4.3282409667968750e+01 2.9754943847656250e+00
      -3.6724365234375000e+01 6.1926422119140625e+00
      -3.0166290283203125e+01 9.4098052978515625e+00
      -2.3608245849609375e+01 1.2626953125000000e+01
      -1.7050201416015625e+01 1.5844116210937500e+01
      -1.0492156982421875e+01 1.9061264038085938e+01
      -3.9341125488281250e+00 2.2278427124023438e+01
      2.5344238281250000e+00 2.5294189453125000e+01
      4.6511535644531250e+00 1.8369842529296875e+01
      1.1433349609375000e+01 1.5656951904296875e+01
      1.8215545654296875e+01 1.2944076538085938e+01
      2.4997772216796875e+01 1.0231185913085938e+01
      3.1779968261718750e+01 7.5183105468750000e+00
      3.8562164306640625e+01 4.8054199218750000e+00
      4.4730682373046875e+01 1.5483398437500000e+00
      4.6612823486328125e+01 -5.5096740722656250e+00</data></_>
  <_ type_id="opencv-matrix">
    <rows>32</rows>
    <cols>1</cols>
    <dt>"2d"</dt>
    <data>
      2.7121887207031250e+00 -2.2613861083984375e+01
      -3.6773681640625000e-01 -1.9533935546875000e+01
      -3.4476623535156250e+00 -1.6454010009765625e+01
      -6.5276184082031250e+00 -1.3374053955078125e+01
      -9.6075439453125000e+00 -1.0294128417968750e+01
      -1.2687469482421875e+01 -7.2142028808593750e+00
      -1.5767425537109375e+01 -4.1342468261718750e+00
      -1.8847351074218750e+01 -1.0543212890625000e+00
      -2.1927276611328125e+01 2.0256042480468750e+00
      -2.5007202148437500e+01 5.1055297851562500e+00
      -2.5287811279296875e+01 9.3450012207031250e+00
      -2.0973266601562500e+01 9.3861389160156250e+00
      -1.6617584228515625e+01 9.3861389160156250e+00
      -1.2261901855468750e+01 9.3861389160156250e+00
      -7.9062194824218750e+00 9.3861389160156250e+00
      -3.9521484375000000e+00 1.0813476562500000e+01
      -2.3553466796875000e-01 1.3084747314453125e+01
      3.4811096191406250e+00 1.5356018066406250e+01
      7.1977233886718750e+00 1.7627288818359375e+01
      1.0914337158203125e+01 1.9898559570312500e+01
      1.1712188720703125e+01 1.6965484619140625e+01
      1.1712188720703125e+01 1.2609802246093750e+01
      1.3417816162109375e+01 9.1069335937500000e+00
      1.6234558105468750e+01 5.9931640625000000e+00
      1.7763946533203125e+01 1.9147949218750000e+00
      1.9293334960937500e+01 -2.1635437011718750e+00
      2.0822692871093750e+01 -6.2419128417968750e+00
      2.0245025634765625e+01 -9.6949157714843750e+00
      1.6738464355468750e+01 -1.2278717041015625e+01
      1.3231903076171875e+01 -1.4862487792968750e+01
      9.7253112792968750e+00 -1.7446289062500000e+01
      6.2187500000000000e+00 -2.0030059814453125e+01</data></_>
  <_ type_id="opencv-matrix">
    <rows>32</rows>
    <cols>1</cols>
    <dt>"2d"</dt>
    <data>
      1.3595886230468750e+01 -2.9235748291015625e+01
      7.6079711914062500e+00 -2.8300140380859375e+01
      1.6200561523437500e+00 -2.7364517211914063e+01
      -4.3678894042968750e+00 -2.6428909301757813e+01
      -1.0355804443359375e+01 -2.5493301391601563e+01
      -1.6343719482421875e+01 -2.4557678222656250e+01
      -2.0827819824218750e+01 -2.1084930419921875e+01
      -2.4523010253906250e+01 -1.6281173706054688e+01
      -2.8218231201171875e+01 -1.1477401733398438e+01
      -2.7690216064453125e+01 -5.5245056152343750e+00
      -2.6938476562500000e+01 4.8927307128906250e-01
      -2.6186767578125000e+01 6.5030517578125000e+00
      -2.5435028076171875e+01 1.2516815185546875e+01
      -2.4683319091796875e+01 1.8530593872070313e+01
      -2.0887634277343750e+01 2.2229461669921875e+01
      -1.5293243408203125e+01 2.4560440063476563e+01
      -1.0850860595703125e+01 2.8249481201171875e+01
      -7.6387634277343750e+00 3.3388824462890625e+01
      -2.1065368652343750e+00 3.1894531250000000e+01
      3.6085205078125000e+00 2.9877441406250000e+01
      9.3236083984375000e+00 2.7860351562500000e+01
      1.2950683593750000e+01 2.3067520141601563e+01
      1.6473327636718750e+01 1.8135833740234375e+01
      1.9995971679687500e+01 1.3204147338867188e+01
      2.3518615722656250e+01 8.2724456787109375e+00
      2.7041229248046875e+01 3.3407592773437500e+00
      2.9699768066406250e+01 -1.8979034423828125e+00
      3.0077819824218750e+01 -7.9466705322265625e+00
      3.0455871582031250e+01 -1.3995452880859375e+01
      2.7022949218750000e+01 -1.7575607299804688e+01
      2.1704498291015625e+01 -2.0226165771484375e+01
      1.7650207519531250e+01 -2.4730957031250000e+01</data></_>
  <_ type_id="opencv-matrix">
    <rows>32</rows>
    <cols>1</cols>
    <dt>"2d"</dt>
    <data>
      -8.2164306640625000e+00 -2.6197418212890625e+01
      -1.2812011718750000e+01 -2.2520950317382813e+01
      -1.7407592773437500e+01 -1.8844497680664063e+01
      -2.2003173828125000e+01 -1.5168029785156250e+01
      -2.3991271972656250e+01 -9.9358062744140625e+00
      -2.5044036865234375e+01 -4.1455230712890625e+00
      -2.6096832275390625e+01 1.6447601318359375e+00
      -2.7149597167968750e+01 7.4350433349609375e+00
      -2.1841827392578125e+01 9.0240783691406250e+00
      -1.6102966308593750e+01 1.0328369140625000e+01
      -1.0364105224609375e+01 1.1632659912109375e+01
      -4.8909301757812500e+00 1.3314056396484375e+01
      -1.7313232421875000e+00 1.8279190063476563e+01
      1.4283142089843750e+00 2.3244308471679688e+01
      6.4555969238281250e+00 2.6138595581054688e+01
      8.4526977539062500e+00 2.2453247070312500e+01
      9.3475952148437500e+00 1.6636474609375000e+01
      8.5947265625000000e+00 1.1028625488281250e+01
      7.6939086914062500e+00 7.7129211425781250e+00
      1.1855377197265625e+01 1.1874404907226563e+01
      1.7337341308593750e+01 1.3216567993164063e+01
      2.3198394775390625e+01 1.3749389648437500e+01
      2.0975830078125000e+01 9.3101959228515625e+00
      1.7856689453125000e+01 4.3195495605468750e+00
      1.4737518310546875e+01 -6.7109680175781250e-01
      1.4170898437500000e+01 -6.2643127441406250e+00
      1.4728851318359375e+01 -1.2123016357421875e+01
      1.5286834716796875e+01 -1.7981719970703125e+01
      1.5142639160156250e+01 -2.3277542114257813e+01
      9.3028564453125000e+00 -2.4007507324218750e+01
      3.4631042480468750e+00 -2.4737472534179688e+01
      -2.3766479492187500e+00 -2.5467453002929688e+01</data></_>
  <_ type_id="opencv-matrix">
    <rows>32</rows>
    <cols>1</cols>
    <dt>"2d"</dt>
    <data>
      -7.1915891895419772e+00 -2.2298000152957737e+01
      -1.1449043753071464e+01 -1.9919337924102543e+01
      -1.5863695241427660e+01 -1.7366720498920998e+01
      -2.0022935367619358e+01 -1.4937741307497717e+01
      -2.4697238034891519e+01 -1.2464741772122130e+01
      -2.2582261922466465e+01 -8.3833218217578338e+00
      -1.9865031704762593e+01 -3.9701774944990023e+00
      -1.7419394086899239e+01 1.9582500151965543e-01
      -1.4813588991502103e+01 4.5848803309926556e+00
      -1.2306715908404152e+01 8.7584702519772915e+00
      -9.7442529216605713e+00 1.3149244177512173e+01
