<?xml version="1.0"?>
<opencv_storage>
<AverageContours>
  <_ type_id="opencv-matrix">
    <rows>32</rows>
    <cols>1</cols>
    <dt>"2d"</dt>
    <data>
      -1.3815173959184079e-02 -2.6819368771152252e+01
      -2.7278450435674158e+00 -2.3965978125569961e+01
      -3.9473474249113099e+00 -1.9649652261346564e+01
      -5.5095409330413938e+00 -1.5811726903206843e+01
      -6.9255378956829432e+00 -1.1932036070649740e+01
      -8.4588059290849440e+00 -8.0612369095292351e+00
      -9.9634190234265532e+00 -4.2477996640544129e+00
      -1.3180277627674359e+01 -1.1858064732308284e+00
      -1.5642394177037200e+01 1.7897383009848991e+00
      -1.3617395981791683e+01 4.4214627705969454e+00
      -1.1813487232696792e+01 6.7478234548667837e+00
      -9.9498255803561300e+00 9.4770388790393358e+00
      -8.2788110547279263e+00 1.2141181791154521e+01
      -6.4666950048734861e+00 1.4982209260037562e+01
      -4.5572822101513344e+00 1.8194719817315960e+01
      -1.6990922722240565e+00 2.1959093089778101e+01
      2.4830444283563295e+00 2.4067627679991972e+01
      6.8431150484189773e+00 2.2970042956304223e+01
      8.1913243245482601e+00 1.9736330565733546e+01
      8.3536514251396490e+00 1.6372987537581285e+01
      8.0875854069040880e+00 1.3151492751817527e+01
      7.9524969332234434e+00 9.8788828084127580e+00
      7.6972238458997309e+00 6.6358504707977390e+00
      7.5439620170471766e+00 3.3490023882186817e+00
      6.6561564243727114e+00 -1.3540225957818979e+00
      6.5483371526164396e+00 -5.4498028515132697e+00
      6.3239003012672450e+00 -9.5596714478257159e+00
      6.2215620075246481e+00 -1.3647523292559177e+01
      6.0208819227999424e+00 -1.7770806542659955e+01
      6.3019883615277852e+00 -2.1926619878771739e+01
      5.8267749743884041e+00 -2.5992609419420400e+01
      2.7721895921403763e+00 -2.8093077170656393e+01</data></_>
  <_ type_id="opencv-matrix">
    <rows>32</rows>
    <cols>1</cols>
    <dt>"2d"</dt>
    <data>
      -2.1216163042367628e+00 -2.2622108722366491e+01
      -5.7355551914614207e+00 -1.8780937578457323e+01
      -9.1053135005784487e+00 -1.5033512299217938e+01
      -1.2914622216632910e+01 -1.2056893789912010e+01
      -1.7280643670518984e+01 -9.0967824226400911e+00
      -2.2109910080770295e+01 -7.0755019604822174e+00
      -2.4828731447813436e+01 -4.2848091965787427e+00
      -2.5133433563265211e+01 -6.3788407152040161e-01
      -2.3560246135915147e+01 3.0616852654865045e+00
      -2.0023970059106023e+01 4.0148726443292224e+00
      -1.6658985270193963e+01 5.6805029072738797e+00
      -1.3255334079334178e+01 8.5195054057273580e+00
      -9.1931684951504415e+00 1.2202325652721077e+01
      -5.4940098624147939e+00 1.5661161073465406e+01
      -2.7213556390025997e+00 1.9711078470786301e+01
      -7.9870287138298646e-01 2.0964650929415527e+01
      7.8907664740185790e-02 1.9495876058805973e+01
      2.5113081675117996e+00 1.6242117816269410e+01
      6.6764313079901232e+00 1.2878198714145020e+01
      1.0767966985073995e+01 9.5138696655399837e+00
      1.4432173514834632e+01 7.9205998774020410e+00
      1.8660861750608248e+01 6.3568860317962530e+00
      2.1126888531848632e+01 2.6941929700187033e+00
      2.1042440366674114e+01 -4.5301469750953927e-01
      1.8812025864089115e+01 -2.8874791981335659e+00
      1.5672886307639033e+01 -6.7446156614137429e+00
      1.2990952102589489e+01 -1.0978261494527910e+01
      1.1573772901106224e+01 -1.5541559497972168e+01
      1.0710198029180562e+01 -2.0103958025881312e+01
      7.7049131084999232e+00 -2.3916897542138916e+01
      4.6497116010058548e+00 -2.3259124901813713e+01
      1.4235659252644626e+00 -2.3156434687289646e+01</data></_>
  <_ type_id="opencv-matrix">
    <rows>32</rows>
    <cols>1</cols>
    <dt>"2d"</dt>
    <data>
      -6.7549096230771681e+00 -2.3484528841751988e+01
      -1.1132613839493144e+01 -2.3031121067007831e+01
      -1.4947428055881494e+01 -2.0869604826300257e+01
      -1.7613630508440046e+01 -1.7072624156088704e+01
      -1.9881932217944779e+01 -1.3023268922139165e+01
      -2.1479899801062267e+01 -8.7078391036563563e+00
      -2.2414016781469776e+01 -4.2616689103744791e+00
      -2.2974965738280449e+01 1.1828105420704406e-01
      -2.3246950625722175e+01 4.3356913164983863e+00
      -1.9855337574806704e+01 6.8949965317382125e+00
      -1.6213541245679199e+01 9.3785388462610673e+00
      -1.2035377999049617e+01 1.1452897878664867e+01
      -7.9483468674928739e+00 1.3561772814312020e+01
      -3.6511628414816282e+00 1.5478506687572240e+01
      6.3509201968169249e-01 1.7406294233047820e+01
      5.0288066488440473e+00 1.8870680314632477e+01
      9.1674040800589793e+00 2.0237604892092055e+01
      1.2814240049961706e+01 2.0472960191204944e+01
      1.6075718641395397e+01 1.9526566192656649e+01
      1.6717420346308309e+01 1.5775741040003924e+01
      1.6249741962780366e+01 1.1711061882382324e+01
      1.5887224391406555e+01 7.5017016891036112e+00
      1.4688418593652072e+01 3.4921176084268950e+00
      1.4287503261223248e+01 -1.0264522744262556e+00
      1.4414435577624982e+01 -5.4772035547503934e+00
      1.4531959494907721e+01 -9.8866393746803745e+00
      1.4936597252022569e+01 -1.4559101987919655e+01
      1.2720025140110453e+01 -1.7735907785230552e+01
      8.9647689514084998e+00 -1.8448851439165058e+01
      4.9818666896458659e+00 -1.9514325178232866e+01
      1.3148996427228357e+00 -2.2166795463062577e+01
      -2.9671799885484735e+00 -2.3824661480719520e+01</data></_>
  <_ type_id="opencv-matrix">
    <rows>32</rows>
    <cols>1</cols>
    <dt>"2d"</dt>
    <data>
      -3.6458547338299399e+00 -2.3511649328938557e+01
      -7.9877720967161023e+00 -2.1750674985809610e+01
      -1.1502028424157803e+01 -1.8999289089282957e+01
      -1.4964120127221729e+01 -1.5941567202844320e+01
      -1.9237385598841037e+01 -1.3914407771625207e+01
      -2.2816814361416718e+01 -1.1466723317183531e+01
      -2.3660643061242034e+01 -7.2109051046281767e+00
      -2.3328318354333629e+01 -2.9132573534321602e+00
      -2.2501101045937684e+01 1.3631776399193685e+00
      -2.0180637093643050e+01 5.2824921906801423e+00
      -1.7303290225562399e+01 8.9827362892490275e+00
      -1.4573762962354271e+01 1.2600605223554604e+01
      -1.1693283390854472e+01 1.6328871899449780e+01
      -8.6802222661116311e+00 1.9429103788825643e+01
      -4.4794504566714988e+00 2.1128040654077758e+01
      -7.7889329480122175e-03 2.2617207965583457e+01
      4.4564704381768792e+00 2.3689850009488573e+01
      7.6322612166100967e+00 2.3098140993913422e+01
      9.8900153133864190e+00 1.9608674221911272e+01
      1.2438737897696903e+01 1.6406846131082492e+01
      1.6079655134767716e+01 1.3539509716180515e+01
      1.7960792076500095e+01 9.4710297106294927e+00
      1.8450918920575521e+01 4.7821617038243147e+00
      1.9046783753211674e+01 2.4662703964471219e-01
      1.9568522005633145e+01 -4.4003422468054794e+00
      1.9865493106011890e+01 -8.9140466200398940e+00
      1.8538926683821963e+01 -1.3004460464826442e+01
      1.6304376979249419e+01 -1.6771273954754008e+01
      1.3763051350635525e+01 -2.0313362653859524e+01
      9.6247606750928227e+00 -2.1588093264965103e+01
      5.0666467158910553e+00 -2.1543238809832367e+01
      5.8261117566945342e-01 -2.2689663470403207e+01</data></_>
  <_ type_id="opencv-matrix">
    <rows>32</rows>
    <cols>1</cols>
    <dt>"2d"</dt>
    <data>
      -7.7676389366831655e+00 -2.5208509841804130e+01
      -1.1975286125763395e+01 -2.1917996910318070e+01
      -1.6140251529951755e+01 -1.8951763186978638e+01
      -2.0214518169922609e+01 -1.5629075444121939e+01
      -2.2535226090127093e+01 -1.1351732332129508e+01
      -2.3751232478969058e+01 -6.2288483079430632e+00
      -2.4440294626904997e+01 -1.1823349629963971e+00
      -2.5425950360682901e+01 4.1030531029141200e+00
      -2.3949859712912883e+01 8.1670186107606852e+00
      -1.9306724735308411e+01 1.0126012527276508e+01
      -1.4302022302455589e+01 1.1141242787085309e+01
